4294967294,39
4294967294,42
4294967294,99
4294967294,76
4294967294,43
4294967294,156
4294967294,5
4294967278,181
4294967294,418
4294967294,51
4294967294,82
4294967294,83
4294967279,405
4294967279,260
4294967279,0
4294967278,132
4294967278,131
4294967278,130
4294967278,256
4294967278,129
4294967278,128
4294967278,127
4294967278,126
4294967278,125
4294967278,124
4294967278,123
4294967278,122
4294967278,251
4294967278,121
4294967278,249
4294967278,120
4294967278,119
4294967278,245
4294967278,118
4294967278,117
4294967278,241
4294967278,116
4294967278,115
4294967278,114
4294967278,113
4294967278,235
4294967278,112
4294967278,233
4294967278,111
4294967278,231
4294967278,110
4294967278,109
4294967278,227
4294967278,108
4294967278,107
4294967278,106
4294967278,105
4294967278,104
4294967278,103
4294967278,102
4294967278,101
4294967278,100
4294967278,99
4294967278,98
4294967278,97
4294967278,96
4294967278,95
4294967278,94
4294967278,93
4294967278,92
4294967278,91
4294967278,90
4294967278,89
4294967278,87
4294967278,86
4294967278,85
4294967278,84
4294967278,83
4294967278,82
4294967278,81
4294967278,80
4294967278,79
4294967278,78
4294967278,77
4294967278,76
4294967278,75
4294967278,74
4294967278,73
4294967278,72
4294967278,71
4294967278,70
4294967278,69
4294967278,68
4294967278,67
4294967278,66
4294967278,65
4294967278,64
4294967278,63
4294967278,62
4294967278,61
4294967278,58
4294967278,56
4294967278,55
4294967278,54
4294967278,53
4294967278,52
4294967278,47
4294967278,45
4294967278,43
4294967278,42
4294967278,41
4294967278,40
4294967278,36
4294967279,174
4294967279,23
4294967279,17
4294967279,15
4294967279,12
4294967279,286
4294967279,10
4294967279,9
4294967279,8
4294967279,7
4294967279,6
4294967279,5
4294967279,281
4294967279,4
4294967278,178
4294967278,175
4294967294,106
4294967294,175
4294967294,183
4294967294,61
4294967294,18
4294967294,68
4294967294,12
4294967294,11
4294967279,404
4294967278,60
4294967279,403
4294967278,330
4294967278,59
4294967279,402
4294967278,170
4294967278,169
4294967278,329
4294967278,57
4294967279,401
4294967278,168
4294967278,166
4294967278,163
27,6
4294967278,165
27,5
27,4
4294967278,164
27,3
27,2
27,1
4294967278,328
4294967278,51
4294967278,327
4294967278,50
4294967279,400
4294967278,326
4294967278,49
4294967279,399
4294967278,325
4294967278,48
4294967278,159
4294967279,398
4294967278,324
4294967278,46
4294967278,157
4294967278,323
4294967278,44
4294967278,156
4294967278,155
4294967278,154
4294967279,397
4294967278,153
4294967278,322
4294967278,39
4294967279,396
4294967278,321
4294967278,38
4294967279,395
4294967278,320
4294967278,37
4294967294,89
4294967294,1014
4294967294,1006
4294967294,422
4294967294,192
4294967294,1004
4294967294,182
4294967294,1009
25,6
25,5
25,4
25,3
25,2
25,1
0,7
4294967294,17
4294967294,130
4294967294,157
4294967294,81
4294967294,50
4294967294,392
4294967294,441
4294967294,389
4294967294,426
4294967294,2
0,5
4294967294,22
4294967294,471
4294967294,67
4294967278,319
4294967278,0
4294967294,7
4294967279,394
4294967279,279
4294967294,38
4294967294,36
4294967294,41
4294967294,52
4294967294,158
4294967294,419
4294967294,129
4294967294,28
4294967294,1019
4294967294,27
4294967294,26
4294967294,91
4294967294,87
4294967294,84
4294967294,472
4294967294,25
4294967294,0
4294967294,46
4294967294,202
4294967279,278
4294967294,9
4294967279,135
4294967294,6
4294967294,94
4294967294,93
4294967294,96
4294967294,95
4294967279,133
4294967294,8
4294967278,318
4294967278,317
4294967279,393
4294967278,316
23,6
23,5
23,4
23,3
23,2
23,1
4294967278,315
4294967278,314
4294967279,392
4294967278,313
4294967279,391
4294967278,312
4294967279,390
4294967279,389
4294967278,311
4294967279,388
4294967278,310
4294967278,309
4294967279,387
4294967278,308
4294967278,307
4294967279,386
4294967279,385
4294967278,306
4294967279,384
21,5
21,4
21,3
21,2
21,1
4294967278,305
4294967279,319
20,6
20,5
20,4
20,3
20,2
20,1
4294967278,304
4294967279,318
4294967278,303
4294967279,317
4294967278,302
4294967279,316
4294967279,315
4294967278,301
4294967278,300
4294967279,314
4294967278,299
4294967279,313
4294967278,298
4294967279,312
4294967278,297
4294967279,311
18,5
18,4
18,3
18,2
18,1
4294967279,310
17,5
17,4
17,3
17,2
17,1
4294967279,309
4294967279,308
15,4
15,3
15,2
15,1
4294967279,307
14,4
14,3
14,2
14,1
4294967279,306
4294967294,205
13,4
13,3
13,2
13,1
4294967279,305
4294967278,296
4294967294,187
11,6
11,5
11,4
11,2
11,1
4294967279,304
10,6
10,5
10,4
